09061701461
08002986030
07732584351
09061209465
09066364589
09064012160
07742676969
09064019788
08712300220
07046744435
09061701939
09058094597
08000930705
08002986906
08718720201
08708800282
08000839402
08717205546
09057039994
08000839402
08000938767
09064012103
07123456789
09111032124
09058094455
09066382422
09061743806
07781482378
09061209465
09050002311
08717898035
07815296484
09064012160
09050005321
08002988890
08715705022
08712402050
07753741225
07946746291
09064019014
08715203694
08718711108
08452810071
08712404000
08000938767
08714712388
09071512433
08714712394
08706091795
09066368327
08718727870
08000407165
08702840625
08701417012
09065174042
08002888812
08000930705
08717898035
09066350750
08717898035
09061104283
08719899217
09064011000
09058094565
09065171142
08709222922
09063440451
09061749602
08718720201
09050001808
09063458130
08000839402
09065394514
09058097218
09058091854
09050003091
09061221061
09061790121
09050000301
08000776320
08707808226
08450542832
08719181503
08719181513
08712405020
08712402779
08718730555
09096102316
09701213186
08707509020
08718730666
08000839402
08712405020
09099725823
09066362231
07801543489
09099726395
08707509020
08718720201
08719899230
09061790121
08701237397
09058094599
08712317606
08712405022
09071512433
09099726429
09050001295
09063442151
08718727870
09094646899
09041940223
09111030116
07734396839
09064018838
08712300220
09050280520
08001950382
08718726970
09058094594
09061743811
09090900040
08452810073
08715500022
08702490080
08712405020
09090204448
09050090044
09065394973
08000407165
09061743810
08006344447
08000938767
09094100151
09066362220
07742676969
08700469649
09050002311
08717168528
09064011000
08001950382
09066362231
09050090044
08714712379
09065069120
09099726481
09065069154
08000839402
08718738034
09056242159
09061209465
08718726971
09066368753
08000839402
08712402902
09058094565
09058098002
08702840625
08718720201
08715705022
09066612661
09061701444
08704050406
09063458130
08706091795
09056242159
09066362206
08000930705
09050003091
09050000555
08000839402
09066612661
09066612661
08712405022
08715203028
08002986906
08712103738
07123456789
09058099801
08707509020
08707509020
08000839402
08718720201
09058094454
08712400200
08718723815
08714714011
09065174042
08000839402
08707509020
09058099801
08000839402
08712400603
08708034412
08452810073
09094646899
09053750005
08707509020
08712101358
09066358361
09065989180
08718720201
08718726978
08000930705
08719181513
09058097189
09061221066
08712300220
07781482378
09050000928
07090201529
09066364349
08081263000
08712402972
09058095201
09066364589
08000930705
08002888812
09066368470
08448714184
09099726553
09061221066
09050001808
08000776320
09050000878
08701752560
09050000460
07734396839
08000930705
09066660100
08701417012
07090298926
08718727870
09065989182
08704439680
09058095107
08717895698
08712466669
08000930705
09061701851
09061104276
08717890890
08000839402
09061702893
09061743806
09066358152
08719181259
08000930705
08712402050
09061743386
08001950382
08000839402
08000930705
08712300220
09066364311
09065989182
08709501522
09064017305
08717111821
07973788240
08000930705
08714342399
09058094599
08707500020
09061790125
08709222922
09050090044
08000930705
08002986030
09066382422
08000839402
07008009200
09061701461
08712402578
09050090044
09058091854
09061744553
09058094597
09058091870
08000930705
08718730666
08719839835
08702840625
09061744553
08712317606
09071512432
09066350750
08715705022
09065171142
08712300220
08717509990
08000930705
09066380611
08718738002
07099833605
07808726822
09061221066
09061790121
08708034412
09061702893
09077818151
08719180219
08715203652
09061743386
08718726270
09064019014
08000930705
08712101358
08006344447
09058094507
08712300220
08714712412
08718720201
08715203685
09094646631
08701213186
08000839402
08001950382
08701417012
09066361921
08000930705
08715205273
08002986906
09050090044
09063458130
08452810073
09050090044
08000839402
08715203656
09066364311
09064015307
09061213237
09061790126
09061213237
08712405020
09095350301
09061221066
09066380611
08717507382
08718726270
08715705022
09058094583
08002986906
09050000332
09064017295
08448350055
08702840625
07808247860
09061221061
08718738001